3,0.5,5000,ns,1,1,0.939118,766,265.763
3,0.5,5000,ns,1,1,0.93993,688,252.529
3,0.5,5000,ns,1,1,0.967866,133,50.271
3,0.5,5000,ns,1,1,0.949497,999,326.666
3,0.5,5000,ns,1,1,0.950134,257,82.5803
3,0.5,5000,ns,1,1,0.95902,192,63.5183
3,0.5,5000,ns,1,1,0.933927,796,249.126
3,0.5,5000,ns,1,1,0.943444,767,218.536
3,0.5,5000,ns,1,1,0.931934,161,44.0938
3,0.5,5000,ns,1,1,0.929808,371,101.386
3,0.5,5000,ns,1,1,0.927003,130,35.1563
3,0.5,5000,ns,1,1,0.959885,562,158.11
3,0.5,5000,ns,1,1,0.951767,103,29.7827
3,0.5,5000,ns,1,1,0.869936,47,14.6906
3,0.5,5000,ns,1,1,0.953498,1097,305.181
3,0.5,5000,ns,0,1,0.977313,973,281.223
3,0.5,5000,ns,0,1,0.956242,2254,665.888
3,0.5,5000,ns,0,1,0.942766,152,49.3844
3,0.5,5000,ns,0,1,0.974443,1458,419.227
3,0.5,5000,ns,0,1,0.974866,306,88.0278
3,0.5,5000,ns,0,1,0.983321,220,62.4716
3,0.5,5000,ns,0,1,0.972291,2101,598.596
3,0.5,5000,ns,0,1,0.96242,1132,321.337
3,0.5,5000,ns,0,1,0.980901,152,42.6762
3,0.5,5000,ns,0,1,0.958028,360,100.548
3,0.5,5000,ns,0,1,0.919548,287,78.5133
3,0.5,5000,ns,0,1,0.986456,1633,466.644
3,0.5,5000,ns,0,0,1.00296,120,33.8702
3,0.5,5000,ns,0,1,0.87946,42,10.8612
3,0.5,5000,ns,0,1,0.967454,1184,338.234
3,0.5,5000,nc,1,1,0.957641,811,191.616
3,0.5,5000,nc,1,1,0.961049,706,164.867
3,0.5,5000,nc,1,0,1.03323,137,31.7378
3,0.5,5000,nc,1,1,0.979555,1058,248.565
3,0.5,5000,nc,1,1,0.986874,265,59.1141
3,0.5,5000,nc,1,1,0.997384,200,43.9659
3,0.5,5000,nc,1,1,0.984258,815,183.923
3,0.5,5000,nc,1,1,0.973591,795,174.311
3,0.5,5000,nc,1,1,0.9892,166,33.5793
3,0.5,5000,nc,1,1,0.964041,384,81.3785
3,0.5,5000,nc,1,1,0.965744,143,29.9069
3,0.5,5000,nc,1,1,0.988871,581,124.593
3,0.5,5000,nc,1,1,0.990723,106,21.1929
3,0.5,5000,nc,1,1,0.923124,49,11.3806
3,0.5,5000,nc,1,0,1.00307,1131,246.497
3,0.5,5000,nc,0,0,1.01484,1012,227.703
3,0.5,5000,nc,0,1,0.999331,2296,503.168
3,0.5,5000,nc,0,0,1.00912,154,35.89
3,0.5,5000,nc,0,0,1.02884,1508,332.364
3,0.5,5000,nc,0,0,1.01543,315,85.855
3,0.5,5000,nc,0,0,1.00159,229,49.6839
3,0.5,5000,nc,0,0,1.02937,2162,403.471
3,0.5,5000,nc,0,0,1.00485,1161,206.666
3,0.5,5000,nc,0,0,1.0477,157,34.0592
3,0.5,5000,nc,0,1,0.990597,372,70.1101
3,0.5,5000,nc,0,1,0.822455,315,67.6273
3,0.5,5000,nc,0,0,1.03442,1668,340.842
3,0.5,5000,nc,0,0,1.04018,122,28.3023
3,0.5,5000,nc,0,1,0.920175,44,9.57382
3,0.5,5000,nc,0,0,1.00151,1224,274.812
3,0.5,5000,nsc,1,1,0.973847,766,78.1546
3,0.5,5000,nsc,1,1,0.980939,688,67.8556
3,0.5,5000,nsc,1,0,1.0141,133,12.0787
3,0.5,5000,nsc,1,1,0.990141,999,100.184
3,0.5,5000,nsc,1,1,0.97722,257,25.3369
3,0.5,5000,nsc,1,1,0.982464,192,18.517
3,0.5,5000,nsc,1,1,0.968199,796,79.3027
3,0.5,5000,nsc,1,1,0.974045,767,75.96
3,0.5,5000,nsc,1,1,0.97282,161,15.6774
3,0.5,5000,nsc,1,1,0.966354,371,38.8803
3,0.5,5000,nsc,1,1,0.964789,130,12.5243
3,0.5,5000,nsc,1,1,0.993269,562,55.1792
3,0.5,5000,nsc,1,1,0.990915,103,9.6251
3,0.5,5000,nsc,1,1,0.914648,47,4.20871
3,0.5,5000,nsc,1,1,0.992024,1097,109.05
3,0.5,5000,nsc,0,0,1.01028,973,97.2562
3,0.5,5000,nsc,0,1,0.993747,2254,221.678
3,0.5,5000,nsc,0,1,0.981747,152,11.8679
3,0.5,5000,nsc,0,0,1.00383,1458,154.322
3,0.5,5000,nsc,0,0,1.00579,306,36.4664
3,0.5,5000,nsc,0,0,1.01079,220,24.9836
3,0.5,5000,nsc,0,0,1.00875,2101,239.249
3,0.5,5000,nsc,0,1,0.990497,1132,120.091
3,0.5,5000,nsc,0,0,1.02782,152,14.7492
3,0.5,5000,nsc,0,1,0.992608,360,36.3446
3,0.5,5000,nsc,0,1,0.946103,287,28.6262
3,0.5,5000,nsc,0,0,1.01998,1633,202.759
3,0.5,5000,nsc,0,0,1.02951,120,15.6193
3,0.5,5000,nsc,0,1,0.910184,42,5.55473
3,0.5,5000,nsc,0,1,0.987509,1184,149.604
3,0.5,5000,nsce,1,1,0.990476,624,77.3648
3,0.5,5000,nsce,1,0,1.00205,563,66.9153
3,0.5,5000,nsce,1,0,1.02674,109,12.5235
3,0.5,5000,nsce,1,1,0.99538,805,97.3144
3,0.5,5000,nsce,1,0,1.00074,213,25.1743
3,0.5,5000,nsce,1,1,0.970142,167,19.8999
3,0.5,5000,nsce,1,1,0.971973,663,78.6718
3,0.5,5000,nsce,1,1,0.982161,642,76.9798
3,0.5,5000,nsce,1,1,0.938624,140,16.8323
3,0.5,5000,nsce,1,1,0.968235,294,34.7895
3,0.5,5000,nsce,1,1,0.979781,104,12.0766
3,0.5,5000,nsce,1,0,1.00729,470,57.946
3,0.5,5000,nsce,1,0,1.01441,85,10.1596
3,0.5,5000,nsce,1,1,0.982523,40,5.13628
3,0.5,5000,nsce,1,1,0.984194,936,113.787
3,0.5,5000,nsce,0,0,1.01403,792,95.9377
3,0.5,5000,nsce,0,0,1.01468,1817,223.365
3,0.5,5000,nsce,0,1,0.968476,125,15.1407
3,0.5,5000,nsce,0,0,1.00831,1188,143.758
3,0.5,5000,nsce,0,0,1.01043,250,30.2939
3,0.5,5000,nsce,0,1,0.98747,191,24.2947
3,0.5,5000,nsce,0,0,1.02293,1715,208.295
3,0.5,5000,nsce,0,1,0.99928,933,109.701
3,0.5,5000,nsce,0,0,1.03295,129,15.1371
3,0.5,5000,nsce,0,1,0.968235,294,35.6531
3,0.5,5000,nsce,0,1,0.985636,226,26.9946
3,0.5,5000,nsce,0,0,1.01739,1362,173.775
3,0.5,5000,nsce,0,0,1.05646,97,11.1137
3,0.5,5000,nsce,0,1,0.985587,36,4.06072
3,0.5,5000,nsce,0,1,0.986918,990,153.635
3,0.5,5000,,1,1,0.918007,811,449.441
3,0.5,5000,,1,1,0.909137,706,430.112
3,0.5,5000,,1,1,0.975435,137,92.0395
3,0.5,5000,,1,1,0.935078,1058,596.942
3,0.5,5000,,1,1,0.939164,265,154.373
3,0.5,5000,,1,1,0.962335,200,118.802
3,0.5,5000,,1,1,0.935392,815,445.133
3,0.5,5000,,1,1,0.935384,795,540.897
3,0.5,5000,,1,1,0.931473,166,131.754
3,0.5,5000,,1,1,0.915396,384,299.985
3,0.5,5000,,1,1,0.919293,143,118.091
3,0.5,5000,,1,1,0.942252,581,303.107
3,0.5,5000,,1,1,0.944746,106,34.9301
3,0.5,5000,,1,1,0.869785,49,15.9212
3,0.5,5000,,1,1,0.958611,1131,423.165
3,0.5,5000,,0,1,0.974113,1012,364.393
3,0.5,5000,,0,1,0.947673,2296,958.102
3,0.5,5000,,0,1,0.960193,154,55.5239
3,0.5,5000,,0,1,0.985517,1508,708.335
3,0.5,5000,,0,1,0.970296,315,213.78
3,0.5,5000,,0,1,0.97168,229,145.816
3,0.5,5000,,0,1,0.977338,2162,984.684
3,0.5,5000,,0,1,0.961447,1161,438.62
3,0.5,5000,,0,1,0.977734,157,55.0949
3,0.5,5000,,0,1,0.949252,372,161.255
3,0.5,5000,,0,1,0.789261,315,123.582
3,0.5,5000,,0,1,0.984959,1668,814.216
3,0.5,5000,,0,0,1.00212,122,63.7718
3,0.5,5000,,0,1,0.886288,44,20.8215
3,0.5,5000,,0,1,0.968828,1224,633.441
3,0.5,5000,ns,1,1,0.981903,766,262.02
3,0.5,5000,ns,1,1,0.942041,688,226.383
3,0.5,5000,ns,1,1,0.948875,133,43.3481
3,0.5,5000,ns,1,1,0.955542,999,360.56
3,0.5,5000,ns,1,1,0.931081,257,101.954
3,0.5,5000,ns,1,1,0.984744,192,68.8812
3,0.5,5000,ns,1,1,0.964617,796,332.037
3,0.5,5000,ns,1,1,0.953132,767,312.993
3,0.5,5000,ns,1,1,0.943387,161,68.1236
3,0.5,5000,ns,1,1,0.959427,371,144.731
3,0.5,5000,ns,1,0,1.01753,130,50.8321
3,0.5,5000,ns,1,1,0.963216,562,240.04
3,0.5,5000,ns,1,0,1.02006,103,42.9059
3,0.5,5000,ns,1,1,0.961867,47,18.6531
3,0.5,5000,ns,1,1,0.962863,1097,432.21
3,0.5,5000,ns,0,0,1.01065,973,382.947
3,0.5,5000,ns,0,1,0.997012,2254,728.957
3,0.5,5000,ns,0,1,0.977602,152,41.2225
3,0.5,5000,ns,0,1,0.990578,1458,415.519
3,0.5,5000,ns,0,1,0.974074,306,84.2092
3,0.5,5000,ns,0,0,1.02798,220,60.4328
3,0.5,5000,ns,0,0,1.00444,2101,582.941
3,0.5,5000,ns,0,1,0.975632,1132,327.85
3,0.5,5000,ns,0,0,1.04077,152,40.9286
3,0.5,5000,ns,0,1,0.984978,360,97.9702
3,0.5,5000,ns,0,1,0.970935,287,77.7173
3,0.5,5000,ns,0,1,0.983862,1633,450.176
3,0.5,5000,ns,0,0,1.04133,120,32.277
3,0.5,5000,ns,0,1,0.982956,42,11.0084
3,0.5,5000,ns,0,1,0.997247,1184,337.697
3,0.5,5000,nc,1,1,0.936863,811,169.817
3,0.5,5000,nc,1,1,0.90054,706,144.991
3,0.5,5000,nc,1,1,0.930567,137,27.2391
3,0.5,5000,nc,1,1,0.91475,1058,216.657
3,0.5,5000,nc,1,1,0.895668,265,53.5571
3,0.5,5000,nc,1,1,0.987424,200,40.1667
3,0.5,5000,nc,1,1,0.934856,815,166.523
3,0.5,5000,nc,1,1,0.926936,795,162.89
3,0.5,5000,nc,1,1,0.927411,166,33.3809
3,0.5,5000,nc,1,1,0.934277,384,77.4969
3,0.5,5000,nc,1,1,0.999521,143,28.7288
3,0.5,5000,nc,1,1,0.933005,581,117.335
3,0.5,5000,nc,1,1,0.993764,106,20.8461
3,0.5,5000,nc,1,1,0.930662,49,9.34571
3,0.5,5000,nc,1,1,0.966097,1131,226.144
3,0.5,5000,nc,0,1,0.979655,1012,202.44
3,0.5,5000,nc,0,1,0.978541,2296,457.506
3,0.5,5000,nc,0,1,0.977132,154,29.9939
3,0.5,5000,nc,0,1,0.984759,1508,300.069
3,0.5,5000,nc,0,1,0.944563,315,62.5013
3,0.5,5000,nc,0,1,0.999353,229,44.6901
3,0.5,5000,nc,0,1,0.985584,2162,429.738
3,0.5,5000,nc,0,1,0.960532,1161,230.581
3,0.5,5000,nc,0,1,0.993536,157,30.7322
3,0.5,5000,nc,0,1,0.97204,372,73.3895
3,0.5,5000,nc,0,1,0.783734,315,62.3502
3,0.5,5000,nc,0,1,0.965192,1668,332.698
3,0.5,5000,nc,0,0,1.03243,122,23.6199
3,0.5,5000,nc,0,1,0.925083,44,8.2287
3,0.5,5000,nc,0,1,0.990271,1224,243.368
3,0.5,5000,nsc,1,1,0.955892,766,61.2976
3,0.5,5000,nsc,1,1,0.928647,688,54.123
3,0.5,5000,nsc,1,1,0.927196,133,10.1896
3,0.5,5000,nsc,1,1,0.935787,999,78.2185
3,0.5,5000,nsc,1,1,0.900277,257,20.3425
3,0.5,5000,nsc,1,1,0.982936,192,14.9615
3,0.5,5000,nsc,1,1,0.944238,796,62.9498
3,0.5,5000,nsc,1,1,0.940496,767,60.4595
3,0.5,5000,nsc,1,1,0.926764,161,12.4831
3,0.5,5000,nsc,1,1,0.926449,371,28.7105
3,0.5,5000,nsc,1,0,1.00364,130,10.2706
3,0.5,5000,nsc,1,1,0.949554,562,43.9142
3,0.5,5000,nsc,1,1,0.996757,103,7.86648
3,0.5,5000,nsc,1,1,0.94009,47,3.37633
3,0.5,5000,nsc,1,1,0.959279,1097,86.5806
3,0.5,5000,nsc,0,1,0.982819,973,77.8223
3,0.5,5000,nsc,0,1,0.978189,2254,175.864
3,0.5,5000,nsc,0,1,0.96884,152,11.8154
3,0.5,5000,nsc,0,1,0.973385,1458,113.865
3,0.5,5000,nsc,0,1,0.950571,306,23.6087
3,0.5,5000,nsc,0,0,1.0245,220,17.0182
3,0.5,5000,nsc,0,1,0.98127,2101,163.498
3,0.5,5000,nsc,0,1,0.95841,1132,87.933
3,0.5,5000,nsc,0,0,1.01251,152,11.6503
3,0.5,5000,nsc,0,1,0.979769,360,27.9875
3,0.5,5000,nsc,0,1,0.952788,287,22.0791
3,0.5,5000,nsc,0,1,0.965739,1633,126.889
3,0.5,5000,nsc,0,0,1.01766,120,9.17603
3,0.5,5000,nsc,0,1,0.931868,42,3.08906
3,0.5,5000,nsc,0,1,0.992157,1184,91.98
3,0.5,5000,nsce,1,1,0.985359,624,52.0043
3,0.5,5000,nsce,1,1,0.976854,563,46.2449
3,0.5,5000,nsce,1,1,0.988716,109,8.78801
3,0.5,5000,nsce,1,1,0.966212,805,66.108
3,0.5,5000,nsce,1,1,0.950054,213,17.23
3,0.5,5000,nsce,1,1,0.979959,167,13.8904
3,0.5,5000,nsce,1,1,0.958152,663,54.08
3,0.5,5000,nsce,1,1,0.973809,642,52.7409
3,0.5,5000,nsce,1,1,0.943734,140,11.2701
3,0.5,5000,nsce,1,1,0.949031,294,24.2651
3,0.5,5000,nsce,1,0,1.02627,104,8.40542
3,0.5,5000,nsce,1,1,0.986578,470,38.5221
3,0.5,5000,nsce,1,0,1.04103,85,6.90496
3,0.5,5000,nsce,1,1,0.974718,40,3.1389
3,0.5,5000,nsce,1,1,0.98651,936,76.7925
3,0.5,5000,nsce,0,0,1.01137,792,66.0962
3,0.5,5000,nsce,0,0,1.01249,1817,149.824
3,0.5,5000,nsce,0,1,0.990387,125,10.1486
3,0.5,5000,nsce,0,0,1.00753,1188,97.9624
3,0.5,5000,nsce,0,1,0.985561,250,20.4439
3,0.5,5000,nsce,0,0,1.01231,191,15.4842
3,0.5,5000,nsce,0,0,1.01846,1715,141.684
3,0.5,5000,nsce,0,1,0.994574,933,76.7895
3,0.5,5000,nsce,0,0,1.01833,129,10.4702
3,0.5,5000,nsce,0,1,0.949031,294,24.0223
3,0.5,5000,nsce,0,0,1.00829,226,18.6892
3,0.5,5000,nsce,0,0,1.00313,1362,111.787
3,0.5,5000,nsce,0,0,1.10642,97,7.85096
3,0.5,5000,nsce,0,1,0.970929,36,2.77249
3,0.5,5000,nsce,0,1,0.987419,990,81.7339
3,0.5,5000,,1,1,0.97416,811,373.036
3,0.5,5000,,1,1,0.941234,706,323.477
3,0.5,5000,,1,1,0.974788,137,61.6711
3,0.5,5000,,1,1,0.943298,1058,485.423
3,0.5,5000,,1,1,0.94084,265,120.827
3,0.5,5000,,1,0,1.00427,200,90.6883
3,0.5,5000,,1,1,0.973477,815,373.804
3,0.5,5000,,1,1,0.960977,795,364.097
3,0.5,5000,,1,1,0.962353,166,74.9449
3,0.5,5000,,1,1,0.976914,384,175.32
3,0.5,5000,,1,0,1.04215,143,64.6492
3,0.5,5000,,1,1,0.964611,581,266.497
3,0.5,5000,,1,0,1.03655,106,48.0397
3,0.5,5000,,1,1,0.96219,49,21.5248
3,0.5,5000,,1,1,0.982092,1131,527.628
3,0.5,5000,,0,0,1.01654,1012,470.254
3,0.5,5000,,0,0,1.01872,2296,1062.13
3,0.5,5000,,0,0,1.00422,154,70.87
3,0.5,5000,,0,0,1.02038,1508,762.367
3,0.5,5000,,0,1,0.976462,315,166.45
3,0.5,5000,,0,0,1.02222,229,105.948
3,0.5,5000,,0,0,1.02291,2162,1075.45
3,0.5,5000,,0,1,0.995313,1161,561.474
3,0.5,5000,,0,0,1.0304,157,71.8906
3,0.5,5000,,0,1,0.991523,372,174.41
3,0.5,5000,,0,1,0.789701,315,165.378
3,0.5,5000,,0,1,0.999885,1668,790.673
3,0.5,5000,,0,0,1.07101,122,66.0245
3,0.5,5000,,0,1,0.980288,44,19.5393
3,0.5,5000,,0,0,1.01321,1224,572.36
3,0.5,5000,ns,1,1,0.961105,766,213.142
3,0.5,5000,ns,1,1,0.925336,688,207.997
3,0.5,5000,ns,1,1,0.926154,133,36.2395
3,0.5,5000,ns,1,1,0.945132,999,276.675
3,0.5,5000,ns,1,1,0.909892,257,70.7538
3,0.5,5000,ns,1,1,0.972012,192,52.2607
3,0.5,5000,ns,1,1,0.944847,796,220.69
3,0.5,5000,ns,1,1,0.939994,767,233.17
3,0.5,5000,ns,1,1,0.933059,161,44.2307
3,0.5,5000,ns,1,1,0.94105,371,102.679
3,0.5,5000,ns,1,0,1.00928,130,35.7643
3,0.5,5000,ns,1,1,0.9499,562,174.941
3,0.5,5000,ns,1,0,1.00558,103,28.0544
3,0.5,5000,ns,1,1,0.93991,47,12.2107
3,0.5,5000,ns,1,1,0.948194,1097,320.249
3,0.5,5000,ns,0,1,0.992408,973,272.143
3,0.5,5000,ns,0,1,0.979775,2254,644.223
3,0.5,5000,ns,0,1,0.964954,152,41.292
3,0.5,5000,ns,0,1,0.976731,1458,403.419
3,0.5,5000,ns,0,1,0.958888,306,102.907
3,0.5,5000,ns,0,0,1.01313,220,60.1197
3,0.5,5000,ns,0,1,0.986733,2101,584.096
3,0.5,5000,ns,0,1,0.963139,1132,313.204
3,0.5,5000,ns,0,0,1.01994,152,41.5247
3,0.5,5000,ns,0,1,0.969868,360,99.7957
3,0.5,5000,ns,0,1,0.962659,287,78.8914
3,0.5,5000,ns,0,1,0.965391,1633,452.07
3,0.5,5000,ns,0,0,1.02794,120,33.0328
3,0.5,5000,ns,0,1,0.95803,42,11.0266
3,0.5,5000,ns,0,1,0.987484,1184,327.691
3,0.5,5000,nc,1,1,0.950565,811,187.227
3,0.5,5000,nc,1,1,0.917415,706,157.442
3,0.5,5000,nc,1,1,0.953335,137,29.1795
3,0.5,5000,nc,1,1,0.927173,1058,226.885
3,0.5,5000,nc,1,1,0.909486,265,60.3503
3,0.5,5000,nc,1,1,0.999082,200,53.9978
3,0.5,5000,nc,1,1,0.954088,815,178.738
3,0.5,5000,nc,1,1,0.938033,795,170.316
3,0.5,5000,nc,1,1,0.940756,166,35.5357
3,0.5,5000,nc,1,1,0.950276,384,85.1085
3,0.5,5000,nc,1,0,1.01562,143,37.3897
3,0.5,5000,nc,1,1,0.945143,581,132.193
3,0.5,5000,nc,1,0,1.01349,106,22.4398
3,0.5,5000,nc,1,1,0.937648,49,10.0077
3,0.5,5000,nc,1,1,0.98371,1131,243.08
3,0.5,5000,nc,0,1,0.994844,1012,219.605
3,0.5,5000,nc,0,1,0.997253,2296,537.087
3,0.5,5000,nc,0,1,0.986949,154,33.3168
3,0.5,5000,nc,0,0,1.00199,1508,380.196
3,0.5,5000,nc,0,1,0.957525,315,69.2965
3,0.5,5000,nc,0,0,1.01098,229,48.7326
3,0.5,5000,nc,0,0,1.00393,2162,464.008
3,0.5,5000,nc,0,1,0.973876,1161,283.685
3,0.5,5000,nc,0,0,1.01187,157,43.7557
3,0.5,5000,nc,0,1,0.989821,372,88.6116
3,0.5,5000,nc,0,1,0.784347,315,69.1633
3,0.5,5000,nc,0,1,0.981982,1668,385.985
3,0.5,5000,nc,0,0,1.05023,122,25.736
3,0.5,5000,nc,0,1,0.92973,44,8.89852
3,0.5,5000,nc,0,0,1.00396,1224,299.193
3,0.5,5000,nsc,1,1,0.989277,766,92.3805
3,0.5,5000,nsc,1,1,0.955844,688,62.1178
3,0.5,5000,nsc,1,1,0.962649,133,10.9709
3,0.5,5000,nsc,1,1,0.961122,999,81.5459
3,0.5,5000,nsc,1,1,0.932523,257,20.6654
3,0.5,5000,nsc,1,1,0.99234,192,15.5268
3,0.5,5000,nsc,1,1,0.975391,796,65.1239
3,0.5,5000,nsc,1,1,0.960692,767,64.4373
3,0.5,5000,nsc,1,1,0.947643,161,17.732
3,0.5,5000,nsc,1,1,0.952443,371,41.0321
3,0.5,5000,nsc,1,0,1.02655,130,14.601
3,0.5,5000,nsc,1,1,0.974751,562,53.7385
3,0.5,5000,nsc,1,0,1.02271,103,8.53492
3,0.5,5000,nsc,1,1,0.982135,47,4.06932
3,0.5,5000,nsc,1,1,0.983035,1097,98.4198
3,0.5,5000,nsc,0,0,1.01389,973,100.292
3,0.5,5000,nsc,0,0,1.00608,2254,204.136
3,0.5,5000,nsc,0,1,0.989618,152,14.3228
3,0.5,5000,nsc,0,1,0.996176,1458,120.556
3,0.5,5000,nsc,0,1,0.971034,306,24.9345
3,0.5,5000,nsc,0,0,1.03485,220,18.2216
3,0.5,5000,nsc,0,0,1.01145,2101,191.965
3,0.5,5000,nsc,0,1,0.980408,1132,101.626
3,0.5,5000,nsc,0,0,1.04021,152,15.908
3,0.5,5000,nsc,0,1,0.998542,360,38.5682
3,0.5,5000,nsc,0,1,0.971583,287,26.9174
3,0.5,5000,nsc,0,1,0.994769,1633,135.963
3,0.5,5000,nsc,0,0,1.04755,120,14.699
3,0.5,5000,nsc,0,1,0.973288,42,4.92967
3,0.5,5000,nsc,0,1,0.999695,1184,115.725
3,0.5,5000,nsce,1,1,0.972234,624,71.3177
3,0.5,5000,nsce,1,1,0.977375,563,49.2265
3,0.5,5000,nsce,1,1,0.987409,109,9.39022
3,0.5,5000,nsce,1,1,0.967321,805,85.6591
3,0.5,5000,nsce,1,1,0.953706,213,23.2323
3,0.5,5000,nsce,1,1,0.97502,167,14.453
3,0.5,5000,nsce,1,1,0.950356,663,58.26
3,0.5,5000,nsce,1,1,0.965507,642,56.2171
3,0.5,5000,nsce,1,1,0.937055,140,14.0981
3,0.5,5000,nsce,1,1,0.950609,294,37.1749
3,0.5,5000,nsce,1,1,0.990255,104,12.2164
3,0.5,5000,nsce,1,1,0.980411,470,58.421
3,0.5,5000,nsce,1,0,1.0181,85,10.5732
3,0.5,5000,nsce,1,1,0.967078,40,3.20184
3,0.5,5000,nsce,1,1,0.978088,936,82.7613
3,0.5,5000,nsce,0,1,0.995444,792,75.6267
3,0.5,5000,nsce,0,0,1.00825,1817,173.651
3,0.5,5000,nsce,0,1,0.976255,125,10.8387
3,0.5,5000,nsce,0,1,0.995818,1188,120.369
3,0.5,5000,nsce,0,1,0.992403,250,23.7971
3,0.5,5000,nsce,0,0,1.00351,191,17.1959
3,0.5,5000,nsce,0,0,1.00905,1715,152.182
3,0.5,5000,nsce,0,1,0.987364,933,103.554
3,0.5,5000,nsce,0,0,1.01178,129,11.7607
3,0.5,5000,nsce,0,1,0.950609,294,26.1873
3,0.5,5000,nsce,0,0,1.00129,226,20.1327
3,0.5,5000,nsce,0,1,0.99544,1362,127.56
3,0.5,5000,nsce,0,0,1.09613,97,10.4068
3,0.5,5000,nsce,0,1,0.96288,36,3.64473
3,0.5,5000,nsce,0,1,0.983347,990,98.7279
3,0.5,5000,,1,1,0.955673,811,451.927
3,0.5,5000,,1,1,0.923831,706,399.188
3,0.5,5000,,1,1,0.954475,137,76.3595
3,0.5,5000,,1,1,0.93438,1058,591.972
3,0.5,5000,,1,1,0.916919,265,151.209
3,0.5,5000,,1,1,0.992678,200,101.283
3,0.5,5000,,1,1,0.952493,815,450.249
3,0.5,5000,,1,1,0.946802,795,441.824
3,0.5,5000,,1,1,0.947369,166,83.5239
3,0.5,5000,,1,1,0.956451,384,211.196
3,0.5,5000,,1,0,1.0261,143,69.786
3,0.5,5000,,1,1,0.949023,581,288.04
3,0.5,5000,,1,0,1.01767,106,51.5647
3,0.5,5000,,1,1,0.938387,49,23.3472
3,0.5,5000,,1,1,0.964017,1131,624.23
3,0.5,5000,,0,1,0.998017,1012,538.122
3,0.5,5000,,0,1,0.997271,2296,1250.88
3,0.5,5000,,0,1,0.991022,154,75.3587
3,0.5,5000,,0,0,1.00307,1508,764.834
3,0.5,5000,,0,1,0.959955,315,155.73
3,0.5,5000,,0,0,1.00895,229,132.175
3,0.5,5000,,0,0,1.00354,2162,1225.75
3,0.5,5000,,0,1,0.979291,1161,580.082
3,0.5,5000,,0,0,1.00638,157,76.6639
3,0.5,5000,,0,1,0.974863,372,184.856
3,0.5,5000,,0,1,0.78976,315,156.587
3,0.5,5000,,0,1,0.979101,1668,1807.22
3,0.5,5000,,0,0,1.05683,122,156.256
3,0.5,5000,,0,1,0.953774,44,54.3948
3,0.5,5000,,0,0,1.00114,1224,1234.14
